name: crossmap
channels:
  - conda-forge
  - bioconda
  - defaults
dependencies:
  - _libgcc_mutex=0.1=main
  - bcftools=1.9=ha228f0b_4
  - bedops=2.4.39=hc9558a2_0
  - blas=1.0=mkl
  - blast=2.9.0=h20b68b9_1
  - boost=1.68.0=py27h8619c78_1001
  - boost-cpp=1.68.0=h11c811c_1000
  - bx-python=0.7.3=py27_0
  - bzip2=1.0.8=h7b6447c_0
  - ca-certificates=2020.12.5=ha878542_0
  - certifi=2016.9.26=py27_0
  - crossmap=0.2.8=py27h24bf2e0_0
  - curl=7.71.1=hbc83047_1
  - cython=0.29.14=py27he6710b0_0
  - gffcompare=0.11.2=hc9558a2_1
  - gffread=0.12.1=h8b12597_0
  - gmp=6.2.1=h58526e2_0
  - gnutls=3.6.13=h79a8f9a_0
  - htslib=1.9=ha228f0b_7
  - icu=58.2=hf484d3e_1000
  - intel-openmp=2020.2=254
  - krb5=1.18.2=h173b8e3_0
  - lastz=1.0.4=h516909a_4
  - libcurl=7.71.1=h20c2e04_1
  - libdeflate=1.0=h14c3975_1
  - libedit=3.1.20191231=h14c3975_1
  - libffi=3.3=he6710b0_2
  - libgcc=7.2.0=h69d50b8_2
  - libgcc-ng=9.1.0=hdf63c60_0
  - libgfortran-ng=7.3.0=hdf63c60_0
  - libpng=1.6.37=hbc83047_0
  - libssh2=1.9.0=h1ba5d50_1
  - libstdcxx-ng=9.1.0=hdf63c60_0
  - libuuid=1.0.3=h1bed415_2
  - mkl=2020.2=256
  - mkl-service=2.3.0=py27he904b0f_0
  - mkl_fft=1.0.15=py27ha843d7b_0
  - mkl_random=1.1.0=py27hd6b4f25_0
  - mysql-connector-c=6.1.6=2
  - ncurses=6.2=he6710b0_1
  - nettle=3.4.1=h1bed415_1002
  - numpy=1.16.6=py27hbc911f0_0
  - numpy-base=1.16.6=py27hde5b4d6_0
  - openssl=1.1.1k=h27cfd23_0
  - pcre=8.44=he1b5a44_0
  - perl=5.26.2=h36c2ea0_1008
  - perl-archive-tar=2.32=pl526_0
  - perl-carp=1.38=pl526_3
  - perl-common-sense=3.74=pl526_2
  - perl-compress-raw-bzip2=2.087=pl526he1b5a44_0
  - perl-compress-raw-zlib=2.087=pl526hc9558a2_0
  - perl-exporter=5.72=pl526_1
  - perl-exporter-tiny=1.002001=pl526_0
  - perl-extutils-makemaker=7.36=pl526_1
  - perl-io-compress=2.087=pl526he1b5a44_0
  - perl-io-zlib=1.10=pl526_2
  - perl-json=4.02=pl526_0
  - perl-json-xs=2.34=pl526h6bb024c_3
  - perl-list-moreutils=0.428=pl526_1
  - perl-list-moreutils-xs=0.428=pl526_0
  - perl-pathtools=3.75=pl526h14c3975_1
  - perl-scalar-list-utils=1.52=pl526h516909a_0
  - perl-types-serialiser=1.0=pl526_2
  - perl-xsloader=0.24=pl526_0
  - pip=19.3.1=py27_0
  - pysam=0.11.2.2=py27_1
  - python=2.7.18=h15b4118_1
  - readline=8.0=h7b6447c_0
  - samtools=1.7=1
  - setuptools=44.0.0=py27_0
  - six=1.15.0=py_0
  - sqlite=3.33.0=h62c20be_0
  - tk=8.6.10=hbc83047_0
  - ucsc-wigtobigwig=357=1
  - wheel=0.36.2=pyhd3eb1b0_0
  - xz=5.2.5=h7b6447c_0
  - zlib=1.2.11=h7b6447c_3
  - pip:
    - gff3tool==2.0.1
prefix: /home/nt365/anaconda3/envs/crossmap
